1.84953
1.89349
1.65939
1.13482
0.68154
1.20309
1.30668
0.38246
0.42159
1.95597
0.94903
1.72711
0.89127
0.25564
1.13120
0.38307
1.21620
1.14898
0.36351
1.26137
0.44797
1.40307
0.91403
1.71289
0.68763
1.10041
0.95357
1.67709
1.65485
0.40076
0.98953
1.96683
1.71697
1.81731
1.99749
1.91317
0.90448
1.67562
0.42553
1.79550
0.06809
1.19197
0.47886
0.14537
1.31603
0.36128
1.08909
0.00454
1.76331
0.20412
0.19153
0.52672
1.52642
0.33661
0.87180
1.10134
0.08721
0.88823
1.94707
0.88328
1.10440
1.77145
0.95856
0.96458
1.08959
0.05541
0.43560
1.99548
0.56789
0.94084
1.66877
1.62097
1.91811
1.98318
0.88607
0.89237
0.97974
0.35678
1.61828
0.36680
1.22574
0.95951
1.26201
1.05400
1.44968
0.98594
0.48260
1.97902
1.28493
1.10755
1.49657
1.43573
0.63409
0.85052
0.34826
1.58162
1.65899
1.75779
1.44944
1.18448
