25.71939
26.88291
25.39433
21.14350
18.96213
23.27982
23.28826
16.28250
17.02499
28.40393
19.53824
26.46308
21.66415
14.50530
21.63843
16.33104
23.70669
20.70113
18.12617
21.89006
17.50213
23.63772
19.28136
26.69487
19.10752
19.43114
20.24983
25.18652
25.30546
17.85710
21.33537
25.08573
25.62225
23.97928
28.63239
27.35666
20.84287
25.30107
17.29286
25.47081
14.78216
22.79387
17.51446
13.98183
23.99247
16.46659
21.61955
12.78964
24.81671
13.93685
15.56576
16.03697
24.82597
16.22686
20.67907
20.91451
14.08202
20.67484
26.86292
18.47454
21.60141
28.08483
20.61075
20.59912
21.78327
13.67201
16.92679
28.13434
18.01288
19.21297
24.83631
24.98896
25.33377
27.50421
21.63352
21.36861
20.80994
15.03447
26.05500
15.77743
23.45480
21.96203
22.49598
22.73882
24.40476
20.59757
17.41096
27.05123
20.73989
23.33354
23.28229
24.00711
18.87871
20.30929
16.74168
24.87418
25.18768
24.13332
25.30694
22.67736
